1
0.00652129
0.00651872
0.00210261
0.00208407
0.00216765
0.0020864
0.00203643
0.00207511
0.00345773
0.00343086
0.00349626
0.00350418
0.00124113
0.0012503
0.00808244
0.00803176
0.00817451
0.00816676
0.00756271
0.00759214
0.00758915
0.00763103
0.00913937
0.00909283
0.00694635
0.00713332
0.0086826
0.00865549
0.00777158
0.0078358
0.00596403
0.00572695
0.00675173
0.00652635
0.00881799
0.00877902
0.00862064
0.00865503
0.00894906
0.00896926
0.00866203
0.00866636
0.00930856
0.00923499
0.00896684
0.00893991
0.00861867
0.00862315
0.00844866
0.0084996
1
0.00980606
0.00981652
0.00626736
0.00624079
0.00268858
0.00269412
-0.00301347
-0.0029837
0.0037252
0.00372008
0.00248328
0.00255833
0.00747112
0.0076333
0.00398154
0.00401711
0.00864785
0.00868266
0.00843556
0.00844568
0.00893422
0.00895924
0.00816383
0.00815393
0.0086306
0.00860104
0.00889222
0.00889985
0.00744364
0.00746361
0.007888
0.00791569
0.00833853
0.00840204
0.00446698
0.00441336
0.00847091
0.00859397
0.0086956
0.00875838
0.00910725
0.00918986
0.00872311
0.00871492
0.00800194
0.00803202
0.00825916
0.0082384
1
0.00683573
0.00686261
0.00579289
0.00584523
0.00645277
0.00640958
0.0079787
0.00797134
0.00314934
0.00303952
0.00859411
0.00841968
0.00841586
0.00847602
0.00802857
0.00821273
0.00640764
0.00622423
0.00867833
0.00864957
0.00567973
0.00552887
0.0089938
0.00901571
0.00779413
0.00790736
0.00878273
0.00877055
0.00562693
0.00538688
0.00889837
0.0089334
0.00838216
0.00843188
0.0087383
0.00876932
0.00912209
0.0091097
0.00946804
0.00962881
0.00811644
0.00822251
0.00699011
0.00670341
0.00505194
0.00476527
1
0.00416506
0.00419468
0.00418423
0.00418933
0.00387733
0.00382826
0.00317942
0.00321586
0.00870335
0.00865139
0.00857356
0.00858401
0.00806985
0.00811971
0.00686649
0.00678734
0.00823769
0.00815854
0.00677921
0.00666902
0.00817374
0.00819977
0.00826902
0.00829465
0.00841176
0.00847565
0.00649199
0.0066871
0.00850852
0.00851763
0.00841956
0.00841946
0.00771885
0.00764969
0.00474638
0.00473233
0.00774863
0.00750118
0.00598558
0.00624175
0.00886516
0.00887477
0.00729849
0.00724781
1
-0.0126373
-0.0123395
-0.0438913
-0.0418657
0.00137133
0.00143613
0.00823943
0.00825886
0.00531554
0.00550369
0.00783701
0.00783338
0.00692549
0.00682521
0.00784183
0.00775566
0.00429527
0.004069
0.00772619
0.0078406
0.00803797
0.00800363
0.00841894
0.00841263
0.00366674
0.00368871
0.0080986
0.00799601
0.00365383
0.00379039
0.00846826
0.00846578
0.00857407
0.00852699
0.00795891
0.00780951
0.00854594
0.00853198
0.00821401
0.00804837
0.00749399
0.00732212
1
0.00153547
0.00150751
0.00224054
0.00225458
0.00461628
0.0049127
0.00697836
0.00692593
0.00506416
0.00491759
0.00883598
0.00888925
0.00975959
0.00976941
0.00910403
0.00931575
0.00642725
0.00627781
0.00734798
0.0071626
0.0082218
0.00816241
0.00794559
0.00799189
0.00719313
0.00728623
0.00653122
0.00644638
0.00852424
0.00849119
0.00839021
0.0082971
0.010079
0.00995927
0.00836703
0.00835286
0.0041805
0.00439926
0.000986512
0.00111284
1
-0.000582523
-0.000593889
0.00911786
0.00902542
0.00734994
0.00736922
0.00818172
0.00823964
0.00780934
0.00781849
0.0113647
0.0113974
0.00733016
0.00744838
0.00780979
0.00785254
0.00740166
0.00745652
0.00865943
0.00871675
0.0072397
0.00727297
0.00753791
0.00738313
0.0079831
0.00802514
0.00843386
0.00846646
0.00938203
0.00940513
0.00953245
0.00945844
0.00953459
0.00957811
0.0100816
0.0100538
0.00820189
0.00812619
1
0.00796159
0.00799405
0.00742043
0.00743131
0.007994
0.00791063
0.00788814
0.00798225
0.00781196
0.00769366
0.00812219
0.00804128
0.00669533
0.00682185
0.00675108
0.00658338
0.00819699
0.00818592
0.00792643
0.00779517
0.00720109
0.00728956
0.00697972
0.00716458
0.00893985
0.00885697
0.00900715
0.00891837
0.00777436
0.00791805
0.0077373
0.00790159
0.00846475
0.00843651
0.00479992
0.0045479
1
1
1
0.0139095
0.0139674
0.0153903
0.0152361
0.0147757
0.0145854
0.0174599
0.0180199
0.0141518
0.0139297
0.00864301
0.00864028
0.00900596
0.00907809
0.00860899
0.00857407
0.00228995
0.00211878
0.00914554
0.00912195
0.00835119
0.00829889
0.00869559
0.00868715
0.00861701
0.00866498
0.0100323
0.00996632
0.00841492
0.00829199
0.00961138
0.00958655
0.00799448
0.00793005
1
-0.064652
2.64086
-0.0572477
-0.0291263
0.00581831
0.00564553
0.00381487
0.00377774
0.00804484
0.00808054
0.00794961
0.00796571
0.00876914
0.00871388
0.00785655
0.00788645
0.00748051
0.00752304
0.00763851
0.00765987
0.00701295
0.00719146
0.00865639
0.00858988
0.00963014
0.00953472
0.00778609
0.00777691
0.00822696
0.00821813
0.00741075
0.00736323
1
-0.0108573
-0.0105598
-0.0357518
-0.0344812
0.00106168
0.00104794
0.00774347
0.00772502
0.00501874
0.00523784
0.00785765
0.00785424
0.00248396
0.00246061
0.00726565
0.00727252
0.00666753
0.00674737
0.00832495
0.00836149
0.00433053
0.00404933
0.00845355
0.00842342
0.0082709
0.00826868
0.00693066
0.00684662
0.00642767
0.00641584
1
0.000987599
0.000980126
-0.000496663
-0.000506509
0.00832676
0.00835055
0.00491784
0.0046421
0.00812993
0.00811135
0.00717026
0.00705697
0.0055476
0.0057384
0.00941878
0.0092256
0.00806442
0.00794856
0.00625006
0.00605594
0.00931389
0.00922582
0.00705333
0.00716234
0.0074613
0.00748778
0.00838717
0.00833851
1
0.00546635
0.00541381
0.00865393
0.00865207
0.00732593
0.00715591
0.00921178
0.00919307
0.00751284
0.00753222
0.0101432
0.00999808
0.00883541
0.00887567
0.00863946
0.00865724
0.00885179
0.00881442
0.00542064
0.00511676
0.00924746
0.00930125
0.00824223
0.00827847
0.00798085
0.00800884
1
0.00812903
0.00806561
0.00628068
0.0064462
0.0068666
0.00688226
0.00783638
0.00785157
0.00814695
0.00802086
0.00785276
0.00797814
0.00900309
0.00895469
0.00849835
0.00852798
0.00648809
0.00647147
0.00872253
0.00870737
0.0064714
0.00655074
0.00753965
0.00748205
1
0.00586642
0.00590812
0.00218461
0.00220221
0.00280138
0.00278939
0.00442251
0.00443308
9.45546e-05
9.38154e-05
0.00849723
0.00842129
0.00816386
0.00817514
0.00924217
0.00921894
0.00864185
0.00864266
0.0070968
0.00722697
0.00866894
0.00868194
1
0.00210138
0.00209331
-0.00306867
-0.00302963
0.00518473
0.00512185
2.80931e-05
2.67704e-05
0.00905773
0.00907156
0.0079851
0.00801713
0.00887963
0.00880954
0.00457284
0.00459718
0.00817676
0.0081831
0.00817963
0.00827413
1
1
1
-0.0131128
-0.0126472
-0.0333548
-0.0321668
0.00470892
0.00481979
0.00839035
0.00835631
0.00788464
0.00802698
0.0089353
0.00888302
0.00834505
0.00832353
0.00706335
0.00694027
0.00722308
0.00713443
1
0.00217597
0.00218262
-0.0035229
-0.00321374
0.00836862
0.00836583
0.0089729
0.00898329
0.00734195
0.00746692
0.00835326
0.00840043
0.00729816
0.00723314
0.00905512
0.00902438
1
0.00420737
0.00416933
0.00919675
0.00929371
0.00637029
0.00649372
0.0097842
0.00981437
0.00822779
0.00837207
0.010448
0.0104285
0.0082988
0.00829099
1
0.00534934
0.00558605
0.0086375
0.00861237
0.00842741
0.00831745
0.00840881
0.0085131
0.00717592
0.00725908
0.00741845
0.00739686
1
0.00697777
0.00695468
0.00341258
0.00335115
0.00606537
0.00607661
0.00634747
0.00639357
0.00170015
0.001684
1
0.0128985
0.0129589
0.00657493
0.00655095
0.00615292
0.00618427
0.00385838
0.00385593
1
0.0100122
0.0100847
0.0118844
0.0117646
0.00720088
0.00719639
1
0.00181753
0.00197961
0.00286236
0.00279494
1
1
1
0.00514253
0.00513665
1
